1.1755
1.17165
1.1206
1.02987
0.93405
0.85281
0.78779
0.73169
0.67763
0.62575
0.58568
0.57983
0.63469
0.74319
0.8643
0.96867
1.04689
1.09769
1.12353
1.13162
1.13674
1.15903
1.20397
1.23749
1.21611
1.1435
1.04934
0.95641
0.87545
0.80588
0.73752
0.6631
0.59128
0.53977
0.52933
0.57929
0.68465
0.81043
0.92473
1.01176
1.06458
1.08498
1.08413
1.08012
1.09432
1.13828
1.19137
1.20412
1.15929
1.08457
1.00919
0.94757
0.89915
0.84987
0.78445
0.70695
0.63876
0.60219
0.61465
0.67748
0.77099
0.87322
0.97202
1.05638
1.11307
1.14055
1.15144
1.16459
1.19434
1.2369
1.26232
1.23384
1.15134
1.04643
0.94463
0.85524
0.77541
0.69738
0.61905
0.54806
0.49856
0.49181
0.55067
0.66824
0.80215
0.91659
0.99611
1.038
1.04823
1.03937
1.03017
1.04353
1.09201
1.15355
1.17755
1.14895
1.09507
1.04322
1.00666
0.98267
0.95282
0.89589
0.81535
0.73828
0.68846
0.67811
0.70459
0.75294
0.8103
0.87772
0.96185
1.048
1.11316
1.15551
1.18739
1.22028
1.25673
1.29013
1.3051
1.27518
1.19096
1.07873
0.96335
0.85425
0.75256
0.65831
0.57311
0.50046
0.44799
0.43249
0.48031
0.59889
0.74487
0.86664
0.94431
0.98011
0.98388
0.96838
0.95058
0.95353
0.99678
1.07071
1.12867
1.14346
1.13249
1.1206
1.12107
1.13239
1.1391
1.11484
1.04366
0.9496
0.86402
0.7993
0.75266
0.7142
0.67671
0.64303
0.63
0.66639
0.76014
0.87538
0.97816
1.05852
1.11679
1.15477
1.17598
1.18967
1.21215
1.25013
1.2722
1.2381
1.15312
1.04547
0.93659
0.83734
0.74998
0.66978
0.59251
0.52383
0.47738
0.47362
0.53664
0.66123
0.79937
0.91117
0.98416
1.01935
1.0244
1.01226
1.00144
1.01513
1.06664
1.13277
1.16337
1.14584
1.10613
1.0696
1.04806
1.03755
1.01836
0.96641
0.884
0.80088
0.74111
0.71409
0.71535
0.73156
0.75302
0.78553
0.84855
0.94157
1.03198
1.10084
1.15181
1.19372
1.23141
1.26609
1.29779
1.31873
1.29878
1.22178
1.1114
0.99196
0.87525
0.7662
0.667
0.57852
0.50224
0.44404
0.41764
0.44774
0.55316
0.70156
0.83277
0.91914
0.96135
0.96913
0.95478
0.93394
0.92821
0.96066
1.03234
1.10345
1.13649
1.13946
1.13654
1.14313
1.16056
1.17742
1.17097
1.1162
1.02392
0.92868
0.84854
0.78414
0.72789
0.67339
0.62146
0.58253
0.57983
0.63889
0.74959
0.87043
0.9735
1.05006
1.09908
1.12328
1.13038
1.13574
1.15949
1.2053
1.23694
1.2125
1.13828
1.04418
0.95231
0.87275
0.80418
0.73592
0.66134
0.59003
0.54005
0.5323
0.58534
0.69218
0.81746
0.93052
1.0162
1.0677
1.08713
1.086
1.08273
1.0985
1.14363
1.19541
1.20442
1.15632
1.07997
1.00399
0.94205
0.89286
0.84211
0.77534
0.6979
0.63125
0.59749
0.61383
0.68055
0.77684
0.88055
0.97935
1.06169
1.1152
1.13992
1.14935
1.16261
1.19353
1.23667
1.25977
1.2269
1.14196
1.03746
0.93758
0.85049
0.77242
0.69527
0.61743
0.54744
0.50033
0.49805
0.56208
0.68171
0.81426
0.92626
1.00348
1.04351
1.05255
1.04359
1.03588
1.05214
1.10274
1.16202
1.17968
1.14542
1.08816
1.03444
0.99636
0.97002
0.93632
0.87576
0.79478
0.7205
0.67572
0.67212
0.70604
0.76161
0.82615
0.90051
0.98752
1.06935
1.12715
1.16349
1.19222
1.22455
1.26134
1.2927
1.29845
1.25272
1.1577
1.04329
0.93041
0.82526
0.72738
0.63649
0.55474
0.48688
0.4429
0.44325
0.51328
0.64543
0.78764
0.89731
0.96271
0.9888
0.98619
0.96856
0.95477
0.96864
1.02378
1.09741
1.14071
1.14194
1.12508
1.11279
1.11438
1.12406
1.12218
1.0818
0.99941
0.90666
0.82952
0.77508
0.73736
0.70565
0.67454
0.65094
0.65746
0.7202
0.82712
0.93689
1.02746
1.09633
1.14572
1.17791
1.19755
1.21603
1.24713
1.27959
1.26965
1.20116
1.09739
0.98373
0.8752
0.77802
0.69142
0.61084
0.53689
0.4791
0.45377
0.48579
0.58995
0.73204
0.85914
0.94755
0.9955
1.00941
1.00042
0.98438
0.98317
1.01823
1.08612
1.14278
1.1528
1.12924
1.09966
1.08156
1.07756
1.07437
1.04628
0.97704
0.88745
0.80856
0.75592
0.72988
0.72009
0.7151
0.71397
0.73361
0.79845
0.89913
0.99727
1.07479
1.13379
1.17992
1.21655
1.24645
1.27526
1.30485
1.30851
1.2546
1.15532
1.03748
0.91834
0.80647
0.70528
0.61479
0.53446
0.46832
0.42719
0.43162
0.508
0.6471
0.78992
0.89428
0.95322
0.97388
0.96732
0.94745
0.93332
0.94922
1.00826
1.08488
1.13188
1.14083
1.13455
1.13351
1.14491
1.162